100942639074023703073
116702990867229059004
116273448033614459848
103856250206063283195
103135239470297600419
109815344565863250000
113455212001596618663
111109568737367666683
107072578290442453462
102242608813200873052
118398513675068611084
105160900726711551463
104509945064253717567
114911788000273708515
107698204522607544795
105409178257986028008
103886524835939085082
108895656329368458767
104635817522354702205
101269299469082056536
105519559318185852792
103735614230870868764
107297262039687837164
117935569536166424822
118363636364290459545
111161518136987025126
116259368373816658237
109131404861353819714
106888333137954288823
112713256839597192643
109351985412370664066
111837036104480507761
111103294258658997024
113177095571581706377
108994155436866578572
108997540371440595103
110076646709559680950
103889842727734503558
105540866185695031066
111386751378079525554
100005234582580958193
103148020191869855511
105742588130213764157
104964001394259795677
108144627256644795748
100568245758562753404
116717042358984373926
106182109504592711016
110787526548276861524
114201285209847578589
114448782501704193320
100220184657913413572
114773746988855182971
105667147141801614854
114831285331845409345
114290501766114048321
102837894955288367787
103743871763301891389
113196850980389466340
112568042037394871934
106947334039077673885
115987563922008403740
109635822027986065933
102702929484510747265
109136554658185701682
112512442918061760431
101857896392903629878
100119759068894478788
100401945104164469397
106969808752107859355
111854985572182952052
103351572759739079317
108055498303885659088
116403743506673480241
110950100944285889150
110001226268858813142
101949740039586328184
114066657869194292250
102421471082782260240
110962722714959485194
116396596349310913540
106016424208359794449
110581506108786832654
101585206774979889715
115421780993220798389
107805952549894613125
111398460535619024659
113309576905130782402
101425816620657182958
115238152533764826052
108989402441871361761
100278667030300323515
