100942639074023703073
116273448033614459848
103856250206063283195
116702990867229059004
109815344565863250000
103135239470297600419
113455212001596618663
111109568737367666683
104803345450926349050
105160900726711551463
118398513675068611084
107072578290442453462
102242608813200873052
107698204522607544795
104509945064253717567
114911788000273708515
104635817522354702205
105409178257986028008
103886524835939085082
108895656329368458767
106888333137954288823
117935569536166424822
107297262039687837164
105519559318185852792
109131404861353819714
101759788165287801013
101269299469082056536
103735614230870868764
116259368373816658237
111161518136987025126
118363636364290459545
111837036104480507761
109351985412370664066
112713256839597192643
113596392536671986156
110076646709559680950
108994155436866578572
113177095571581706377
108997540371440595103
103889842727734503558
111103294258658997024
108144627256644795748
100568245758562753404
106182109504592711016
116717042358984373926
103148020191869855511
105540866185695031066
111386751378079525554
105742588130213764157
100005234582580958193
104964001394259795677
112512442918061760431
101063469474761764690
110787526548276861524
105667147141801614854
114201285209847578589
100220184657913413572
114448782501704193320
103743871763301891389
109136554658185701682
106947334039077673885
114773746988855182971
102702929484510747265
114290501766114048321
114831285331845409345
102837894955288367787
112568042037394871934
113196850980389466340
109635822027986065933
115987563922008403740
101425816620657182958
108903895439560795348
108055498303885659088
110950100944285889150
108989402441871361761
115421780993220798389
111398460535619024659
101857896392903629878
106969808752107859355
100401945104164469397
110962722714959485194
113309576905130782402
101585206774979889715
115238152533764826052
111854985572182952052
110581506108786832654
101949740039586328184
114066657869194292250
116396596349310913540
102421471082782260240
103351572759739079317
107805952549894613125
106016424208359794449
110001226268858813142
100278667030300323515
100119759068894478788
116403743506673480241
